50
56
15
27
6
98
57
30
96
74
26
35
55
91
29
63
55
77
18
3
44
76
78
90
45
15
48
69
73
55
30
56
40
38
56
19
36
17
66
76
4
57
41
49
61
1
70
83
96
56
12
32
53
59
80
40
90
81
27
7
2
6
1
69
77
65
52
28
5
6
90
13
21
94
21
43
19
4
26
59
80
89
79
4
52
13
50
82
30
91
8
12
40
37
5
76
42
55
10
45
93
56
27
1
11
89
65
37
78
27
70
50
10
8
97
8
93
71
48
3
65
78
35
49
57
40
62
60
20
69
27
6
83
2
1
30
84
48
46
50
53
78
67
37
49
85
6
95
90
6
54
73
31
33
88
12
84
54
75
90
85
32
9
56
50
60
28
40
63
27
20
92
0
4
33
84
63
9
97
98
54
36
91
21
41
20
54
83
42
85
37
44
18
77
25
33
64
77
2
85
88
5
55
85
94
90
100
18
8
95
9
89
70
36
81
65
39
7
20
10
93
67
66
56
51
5
79
85
20
19
17
99
30
81
83
6
47
59
8
47
33
7
85
48
86
90
19
38
88
30
87
16
7
29
61
85
32
84
8
99
100
78
99
10
46
98
87
56
44
21
36
82
7
18
14
65
34
53
81
65
77
76
17
27
76
2
86
12
13
61
8
73
48
1
72
62
45
91
99
49
8
36
39
5
72
88
35
66
76
57
40
47
62
97
99
29
26
43
81
66
70
6
83
99
84
53
52
67
89
60
34
39
88
96
19
51
20
64
34
59
69
18
28
77
19
42
37
49
78
87
89
65
41
83
14
70
29
94
57
84
15
71
48
55
66
44
30
15
4
16
90
12
65
93
12
82
32
20
80
62
15
20
21
90
97
30
67
28
66
89
48
23
84
73
10
72
4
15
86
89
58
90
32
51
23
41
90
87
3
88
48
19
92
88
37
81
25
90
6
15
20
42
95
75
47
53
15
8
2
95
15
17
55
81
28
87
61
22
22
7
87
53
14
8
51
14
52
61
54
42
54
71
68
53
64
56
50
4
10
41
86
8
30
85
86
47
94
59
19
20
85
62
48
17
92
30
79
58
73
78
87
76
54
35
64
97
32
96
52
26
51
46
21
40
21
22
59
30
28
20
59
81
44
12
52
35
48
5
80
85
52
81
73
79
79
92
1
34
29
34
74
47
82
73
52
66
77
46
37
16
81
27
76
88
57
33
70
98
53
10
79
72
77
13
96
53
50
28
94
45
1
49
70
73
38
35
63
18
32
9
80
12
33
69
52
54
4
97
12
42
45
25
42
33
74
37
90
61
86
23
81
82
98
12
24
61
84
28
67
81
38
92
32
51
9
17
16
45
36
93
94
94
22
20
32
69
42
78
84
90
78
60
58
56
90
66
79
15
58
73
18
92
57
6
21
20
18
0
48
20
53
64
16
19
63
62
81
45
12
96
64
40
90
62
39
46
7
23
72
13
61
88
51
92
86
37
91
17
8
1
89
7
4
78
77
18
65
40
90
93
31
83
67
51
77
53
32
24
3
99
15
52
55
74
43
85
96
92
47
29
57
87
89
92
22
11
2
27
15
27
59
33
68
88
93
34
43
52
47
21
48
62
96
21
0
45
2
23
12
91
48
36
85
50
79
41
64
69
14
64
82
58
33
32
48
55
51
43
7
76
32
3
34
12
89
1
5
60
80
29
2
76
96
39
86
94
61
50
98
20
7
79
33
37
78
73
12
4
23
68
6
84
25
85
27
85
10
90
6
99
7
26
1
41
73
18
94
22
29
7
99
72
64
49
79
66
85
62
0
23
56
49
17
34
36
54
22
75
92
42
78
52
64
4
54
97
93
11
67
73
14
95
81
49
87
82
37
3
91
49
57
88
74
19
7
77
58
38
37
93
73
52
57
40
59
15
89
48
80
14
100
59
51
0
44
16
57
56
30
46
30
85
68
10
26
74
6
62
95
79
25
44
25
48
3
60
48
75
11
8
72
15
58
51
76
76
57
18
25
80
100
28
15
92
15
14
47
55
8
78
16
45
17
28
1
14
76
47
71
13
28
33
48
47
44
72
42
91
51
42
14
74
48
63
29
69
64
25
50
80
94
12
46
65
84
67
6
40
40
75
13
32
91
76
86
65
79
22
68
40
57
8
59
89
10
88
56
17
68
96
44
71
76
43
64
79
23
60
93
92
97
70
95
94
63
73
34
55
13
32
2
61
50
90
62
35
42
55
31
91
4
51
72
33
80
46
38
26
83
60
